rhocut	 real-el	 0-1	 1-0	 1-1	 2-0	 2-1	 2-2	 3-0	 3-1	 3-2	 3-3	 other
276.846 512 	0	0	0	0	0	0	0	0	0	0	0
283.111 512 	0	0	0	0	0	0	0	0	0	0	0
289.376 512 	0	0	0	0	0	0	0	0	0	0	0
295.641 512 	0	0	0	0	0	0	0	0	0	0	0
301.907 512 	0	0	0	0	0	0	0	0	0	0	0
308.172 512 	0	0	0	0	0	0	0	0	0	0	0
314.437 512 	0	0	0	0	0	0	0	0	0	0	0
320.703 512 	0	0	0	0	0	0	0	0	0	0	0
326.968 512 	0	0	0	0	0	0	0	0	0	0	0
333.233 512 	0	0	0	0	0	0	0	0	0	0	0
339.498 512 	0	0	0	0	0	0	0	0	0	0	0
345.764 512 	0	0	0	0	0	0	0	0	0	0	0
352.029 512 	0	0	0	0	0	0	0	0	0	0	0
358.294 512 	0	0	0	0	0	0	0	0	0	0	0
364.559 512 	0	0	0	0	0	0	0	0	0	0	0
370.825 512 	0	0	0	0	0	0	0	0	0	0	0
377.09 512 	0	0	0	0	0	0	0	0	0	0	0
383.355 512 	0	0	0	0	0	0	0	0	0	0	0
389.62 512 	0	0	0	0	0	0	0	0	0	0	0
395.886 512 	0	0	0	0	0	0	0	0	0	0	0
402.151 512 	0	0	0	0	0	0	0	0	0	0	0
408.416 512 	0	0	0	0	0	0	0	0	0	0	0
414.681 512 	0	0	0	0	0	0	0	0	0	0	0
420.947 512 	0	0	0	0	0	0	0	0	0	0	0
427.212 512 	0	0	0	0	0	0	0	0	0	0	0
433.477 512 	0	0	0	0	0	0	0	0	0	0	0
439.742 512 	0	0	0	0	0	0	0	0	0	0	0
446.008 512 	0	0	0	0	0	0	0	0	0	0	0
452.273 512 	0	0	0	0	0	0	0	0	0	0	0
458.538 512 	0	0	0	0	0	0	0	0	0	0	0
464.803 512 	0	0	0	0	0	0	0	0	0	0	0
471.069 512 	0	0	0	0	0	0	0	0	0	0	0
477.334 512 	0	0	0	0	0	0	0	0	0	0	0
483.599 512 	0	0	0	0	0	0	0	0	0	0	0
489.864 512 	0	0	0	0	0	0	0	0	0	0	0
496.13 512 	0	0	0	0	0	0	0	0	0	0	0
502.395 512 	0	0	0	0	0	0	0	0	0	0	0
508.66 512 	0	0	0	0	0	0	0	0	0	0	0
514.925 512 	0	0	0	0	0	0	0	0	0	0	0
521.191 512 	0	0	0	0	0	0	0	0	0	0	0
527.456 512 	0	0	0	0	0	0	0	0	0	0	0
533.721 512 	0	0	0	0	0	0	0	0	0	0	0
539.986 512 	0	0	0	0	0	0	0	0	0	0	0
546.252 512 	0	0	0	0	0	0	0	0	0	0	0
552.517 513 	0	0	3	0	0	1	0	0	0	0	0
558.782 515 	0	0	8	0	0	2	0	0	0	0	0
565.047 517 	0	0	11	0	0	4	0	0	0	1	1
571.313 518 	0	0	17	0	0	6	0	0	2	1	1
577.578 520 	0	0	20	0	0	8	0	0	3	3	2
583.843 523 	0	0	29	0	1	12	0	0	3	8	10
590.108 533 	0	0	39	0	0	21	0	0	0	13	18
596.374 537 	0	0	60	0	0	23	0	0	0	15	19
602.639 539 	0	1	74	0	0	29	0	0	0	21	27
608.904 541 	0	0	106	0	1	33	0	0	0	22	25
615.169 543 	0	0	122	0	0	42	0	0	0	20	28
621.435 546 	0	2	148	0	0	42	0	0	0	26	30
627.7 550 	0	2	167	0	0	42	0	0	0	25	34
633.965 554 	0	1	187	0	0	46	0	0	0	19	42
640.23 559 	0	1	212	0	0	46	0	0	0	16	45
646.496 556 	0	2	236	0	0	47	0	0	0	14	42
652.761 560 	0	3	265	0	0	42	0	0	0	8	44
659.026 555 	0	6	287	0	0	42	0	0	0	6	41
665.291 561 	0	6	296	0	0	37	0	0	0	5	45
671.557 565 	0	5	321	0	0	30	0	0	0	1	51
677.822 560 	0	12	330	0	0	28	0	0	0	0	48
684.087 562 	0	12	343	0	0	19	0	0	0	0	51
690.352 559 	0	20	353	0	1	10	0	0	0	0	53
696.618 554 	0	26	364	0	0	7	0	0	0	0	53
702.883 545 	0	39	357	0	0	4	0	0	0	0	56
709.148 541 	0	44	368	0	0	1	0	0	0	0	54
715.413 549 	0	37	382	0	0	1	0	0	0	0	53
721.679 546 	0	47	373	0	0	1	0	0	0	0	57
727.944 525 	0	76	341	0	0	2	0	0	0	0	61
734.209 528 	0	80	337	0	0	1	0	0	0	0	65
740.474 527 	0	92	319	0	0	0	0	0	0	0	76
746.74 479 	0	137	281	0	0	0	0	0	0	0	70
753.005 530 	0	106	301	0	0	0	0	0	0	0	83
759.27 481 	0	145	269	0	0	0	0	0	0	0	71
765.535 516 	0	143	230	0	0	0	0	0	0	0	111
771.801 472 	0	159	192	0	0	0	0	0	0	0	105
778.066 527 	0	86	224	0	0	0	0	0	0	0	112
784.331 484 	0	98	179	0	0	0	0	0	0	0	105
790.596 477 	0	93	118	0	0	0	0	0	0	0	116
796.862 541 	1	0	156	0	0	0	0	0	0	0	120
803.127 518 	0	0	134	0	0	0	0	0	0	0	99
809.392 537 	0	0	68	0	0	0	0	0	0	0	132
815.657 490 	0	0	55	0	0	0	0	0	0	0	96
821.923 522 	0	0	0	0	0	0	0	0	0	0	117
828.188 497 	0	0	0	0	0	0	0	0	0	0	91
834.453 507 	0	0	0	0	0	0	0	0	0	0	56
840.719 515 	0	0	0	0	0	0	0	0	0	0	31
846.984 505 	0	0	0	0	0	0	0	0	0	0	24
853.249 519 	0	0	0	0	0	0	0	0	0	0	0
859.514 512 	0	0	0	0	0	0	0	0	0	0	0
865.78 513 	0	0	0	0	0	0	0	0	0	0	0
872.045 513 	0	0	0	0	0	0	0	0	0	0	0
878.31 513 	0	0	0	0	0	0	0	0	0	0	0
884.575 512 	0	0	0	0	0	0	0	0	0	0	0
890.841 512 	0	0	0	0	0	0	0	0	0	0	0
897.106 512 	0	0	0	0	0	0	0	0	0	0	0
903.371 512 	0	0	0	0	0	0	0	0	0	0	0
